88711 98519 59059 22194 16721 14160 26127 67488 29734 32263 16720 59419 66966 51595 78403 28661 93190 94005 85138 91312 40758 96488 50339 47958 96641 34527 58119 31881 27378 63404 74182 66014 15742 82226 55046 59973 29500 63765 97815 11751 58676 18375 63872 55344 15608 85588 36050 80677 31445 72544 93065
70331 98963 22027 79976 53415 63949 98000 71575 38450 66765 34139 31411 85118 90353 53368 92795 70936 71341 98169 69423 12503 50023 19460 22721 37420 33572 93299 54333 22296 54510 42796 33789 55464 88000 38291 69876 57601 54758 53403 69488 25201 34512 69985 38042 64285 53723 73043 76820 49123 50620 76941
30654 38749 82507 50354 70507 25287 53037 99777 74101 55351 63021 59411 38548 88353 10293 56393 65581 97421 87642 28167 95512 95996 45426 93843 24183 78368 50259 32410 76820 58924 55722 16348 33452 13765 21468 13253 80507 79113 85006 34026 83823 35872 31571 71656 41175 49267 32245 82966 93548 21245 62456
65768 19792 45994 21615 90322 36173 21448 57657 44234 91383 97746 25284 72828 99280 71566 12766 15265 67205 34613 38576 61450 68658 86592 67299 79044 73930 82228 62790 86002 78279 98921 40299 98564 63074 37756 68092 41525 35258 41318 49084 46331 90292 18438 85882 76656 40028 94772 26584 44493 14680 88264
51090 34925 81157 97596 94546 81247 70299 96150 64032 14710 60207 53616 75073 39150 17207 24138 86227 47204 30451 55577 63922 90666 51967 91233 34979 53620 42541 41895 48989 67974 72051 15548 49807 54768 10130 19868 93626 49725 57822 33972 20203 57817 54827 86903 77717 61037 55091 50249 13534 40726 97013
68923 73224 57782 31545 97366 34418 69652 54230 66565 52565 43370 78339 78535 53705 57353 46381 43124 67861 96900 81500 42914 70863 42084 37808 36699 29488 46363 76374 11694 67124 11349 57516 33935 63181 69968 60646 11972 74233 53293 89574 21890 87817 33361 76160 42583 94214 14078 11153 80168 66693 14284
35987 21815 64189 37492 27781 21636 22949 50997 28219 25752 54608 10665 11080 81594 84726 72059 34928 95161 91323 51043 99526 93237 14472 68891 90045 61158 91258 94390 91661 46368 70384 53283 60152 38087 98454 29098 28187 15437 87396 22863 23243 13298 19886 77008 52223 18929 16824 43604 94694 75568 43169
76822 42848 27292 76203 86584 75876 14958 42168 32535 93609 73374 84701 26417 11989 89745 91684 31948 48389 84950 24438 23621 11793 75282 50743 40661 42473 71101 58520 55273 52819 26023 67345 82740 55456 26469 83942 51067 60734 91950 77700 63795 81272 80822 67100 69365 49460 92113 29729 94606 98960 66580
88600 62283 73222 37896 93929 67265 88292 20597 22165 55097 26897 33713 45279 48651 60311 80072 22029 45072 97984 74791 49311 39438 63640 44061 80512 27630 59921 57061 59034 93899 34619 93374 61274 65832 63381 72084 16873 38895 84318 53611 92887 82918 22622 52104 64238 96996 69423 66274 15009 44328 18541
55931 71614 17799 43741 88901 59069 67491 84871 48680 60488 49132 72334 83841 81153 55689 83252 13871 92884 42101 75102 24548 57386 62872 41725 33905 84238 54261 43931 68463 56070 33525 48503 36169 39873 27299 21248 29948 35616 19598 33266 39493 58428 99945 70532 82369 52185 31987 79273 77019 20505 52199
78877 89672 32591 74031 54601 45733 21970 38102 96052 20739 79487 33237 87908 41223 89130 12070 68074 62232 22371 21424 95385 33368 42391 43151 57643 86490 10253 28797 35263 53314 48597 31043 54322 66025 71728 87260 75969 47126 59800 87819 71129 88374 93440 95847 37982 78975 29154 25066 23616 32108 94233
29588 95253 36622 13896 85594 14888 65545 44201 48759 22641 49919 29545 80715 62339 97750 15017 17843 50048 16131 97894 21566 65996 31344 60947 29471 33120 64960 37059 55676 81699 87271 13940 21081 93162 96244 86312 75022 40833 56494 13375 82198 80062 90652 61674 57301 30236 76544 31980 18037 31632 15065
65427 91001 36196 65264 29535 72935 94036 40354 31188 23374 42968 29638 70585 45328 46071 88948 67242 72142 77942 56578 14299 23447 45319 86158 34337 74784 92686 39931 23479 49152 28101 24143 62446 17951 79623 10746 71851 25952 86332 42126 72787 91766 67497 98558 97778 85115 92304 59099 42268 18235 38726
85970 60809 91022 30847 49172 92667 17022 59732 89155 97074 37372 51144 43338 59860 63821 36326 26951 52118 87479 79418 33701 41792 46010 59429 84617 31249 64686 27381 59594 30584 42484 55788 58720 33122 46111 55357 76409 42043 95234 89161 30068 41970 25519 97926 76780 34205 19920 25606 33667 30837 28924
10505 60900 38085 42713 56221 85066 53774 20734 62030 54046 25072 19932 60559 30035 57732 81295 75745 53304 46377 94666 29718 82661 27218 89898 66088 77713 82261 84783 45682 98545 51411 98324 56295 56316 95844 15759 40667 48477 48518 80681 21899 82929 79044 85609 43717 19955 16644 34398 50466 96582 62116
55532 39389 99313 67532 74778 48138 14989 46872 51464 81708 98342 32901 54070 76142 90549 62279 15486 94824 24356 61254 47263 94177 57031 19173 51692 26426 32968 72934 79658 60265 90087 19664 92062 79750 42273 42142 60672 96279 52001 60705 78776 83615 94020 86150 46592 87128 18272 27043 58390 15183 89968
60516 55081 74819 43337 57831 37244 23393 51450 77124 66135 25962 45917 13679 79586 53297 68109 47135 84793 38159 93150 41096 63423 43162 48411 35662 74173 81693 95648 83264 98444 19160 23449 58006 65801 76073 32213 78987 68990 62221 95005 88569 66166 61129 26354 54343 99196 72904 23539 82674 10690 87337
58887 21081 94448 42257 45625 42269 80678 92337 55812 22591 43106 19399 92812 39175 75415 32708 15421 16509 59465 84987 94846 28259 18134 11284 42993 45721 97361 73091 19682 80410 30201 22728 78375 93861 41903 86482 62378 72099 29185 84606 24295 80231 87618 28948 33199 26738 92076 27447 89124 66044 52214
89524 29597 98034 10453 81038 30260 85370 72819 59795 50641 34090 55237 62460 56042 68184 30722 12940 28531 24970 87714 79181 82423 78253 23886 64980 71831 64917 17614 99175 83054 19910 78265 97131 82083 71239 39506 68193 51510 23608 46951 67692 27889 59980 26016 34223 35167 60979 41631 48523 38550 38813
92682 54439 21543 78360 82666 74928 43586 45167 55608 43143 97008 32151 31567 31465 98314 43338 68432 38433 10936 46428 71743 13599 93194 36265 65709 87027 88027 45038 64280 46141 28460 74908 53892 90044 88782 12854 91176 66390 13813 43676 65441 96028 43954 13068 43992 26421 33935 86577 94430 70272 68546
19006 54082 71456 62704 15035 33371 53265 94115 98240 60703 27320 53243 77343 33285 68021 67200 83821 17581 94067 47357 98714 95557 21523 93056 33964 52452 67259 41113 67807 92179 13483 43317 83960 50750 28925 95059 90803 42777 27618 75666 25757 98346 50957 80059 81794 38603 98958 73628 44631 71088 60956
42597 59807 27798 75143 67719 34988 83427 72040 35341 94598 92413 85767 87543 46689 27637 86077 77006 68113 77322 82974 59736 10605 89443 98928 58385 22552 35477 49470 15823 25466 94222 85261 59133 35980 99872 24187 40003 31725 96656 73914 14760 99285 76782 97144 42537 42595 40800 80526 90094 47292 87882
55520 33295 19783 69628 92553 34822 21244 35682 25172 88604 33335 15418 40445 32164 13977 23168 51085 20055 12018 43718 18235 65614 81659 76761 79179 88455 80771 13639 74017 27448 25045 18515 13150 73025 51576 92447 84142 50332 23222 25980 46738 67334 17616 47363 49440 93225 41036 72954 48002 62110 89339
78818 48589 65766 58178 79889 78911 94730 53761 92437 22260 17687 62576 89008 48399 13714 99403 97663 29910 38549 47811 80624 44250 16405 14140 66620 27031 84373 10961 80937 25070 16321 64009 29126 81567 84249 99272 91499 63284 80275 69423 56888 34033 21508 81269 71863 30054 82459 27747 12378 66133 62986
90654 75644 74454 70159 43199 17808 63449 10237 60024 18246 99279 13905 19067 93907 67114 91315 89683 34251 54580 53619 21201 12802 67547 56309 97277 89089 35007 17044 40195 14183 80742 27151 95337 45996 56180 85263 20799 50855 58569 79113 66358 41872 84990 54748 60454 17409 10614 89066 17130 48791 91694
70536 97982 61618 86886 61828 89417 11402 91361 32163 69181 78580 43379 85618 42307 91172 67605 80195 36999 44501 65515 71836 25580 24222 61579 81282 59136 69775 27396 64829 73210 41755 39048 91203 56092 76336 10445 25969 75341 49348 85458 14035 76673 46628 60909 28030 70707 89022 65013 76503 38602 54657
32148 41978 13067 30335 87580 94853 40931 58420 23276 39994 71129 61989 98454 50650 95397 13947 92963 54591 87435 47938 27851 47388 11755 38561 25770 24405 12806 25466 74786 32772 80931 55189 37288 26735 41282 68264 27641 30401 90457 94431 38569 16929 90342 60121 49429 50708 27027 39462 42081 95392 98137
56402 71125 60127 54366 23142 15748 31444 25341 62474 44185 63574 59518 34929 10598 82293 84656 95195 19837 27677 36394 27478 73391 40366 20521 24045 23257 98513 61808 49485 19966 33511 61598 49762 87762 47821 43685 85860 38243 94286 27302 62077 98553 26191 82810 93038 77472 27678 19784 66543 16291 75090
40533 49994 17858 33258 93890 32184 66621 27172 55958 48398 84479 64004 37892 26736 35629 85229 51908 81981 36038 16969 96072 60813 45673 69141 12786 15386 24593 91140 52367 66135 63898 96747 53573 52002 28916 33900 56178 12452 64934 90389 26231 45267 65367 54262 10496 52288 67138 16035 66607 13439 74847
31896 96634 14784 63875 53955 84224 34019 41339 66653 90801 70770 93243 20578 21182 93081 16048 48919 54274 37330 54119 17425 34552 27157 93021 84314 39016 16393 73471 54905 50229 15465 24329 26720 21750 48205 13767 76558 89219 85961 17484 76838 36335 74054 15266 37672 13576 70016 77157 79062 61301 29244
47721 14193 39482 87894 62314 83855 63290 49008 23268 36743 97404 10884 60543 80708 94723 22633 66403 73545 93529 26133 72331 18391 84224 81254 85461 27761 13431 37501 97034 19485 71962 34148 90647 24414 66430 99267 54193 70518 42506 34036 68731 81591 52900 52981 49157 15922 89784 76594 50412 44894 54819
20548 94841 11456 76602 90697 50057 25850 85128 35208 94894 69137 75021 17670 11071 98488 49409 65627 75998 70683 48984 90840 94585 62884 52506 94210 45364 16159 52338 42281 41959 19551 30793 77834 29988 96093 26932 94768 89149 10708 30137 62256 63582 74377 56624 29960 37638 44663 61015 19228 75625 46685
42079 14767 41785 44710 73816 88613 18968 26761 27721 77086 31559 79346 75009 41379 83713 27354 68942 71212 24930 25491 71155 74107 88347 23990 64910 49435 99491 39971 11260 36834 24563 70870 70480 18360 57240 91035 65408 43224 59184 35180 26732 64848 28859 26338 53672 81074 51777 15207 27262 12328 68084
92375 33835 38198 18146 93586 46017 63726 44183 79748 69531 24084 27101 23091 71747 17991 38855 38791 78541 38953 67524 93828 38682 26428 53057 89541 28041 73375 35937 20824 35184 67340 48794 53497 85771 70223 48327 11429 47363 62450 88561 21230 46966 20783 14837 78498 29194 83078 77140 70341 54752 26422
12877 10948 97281 40852 56371 22663 83329 72298 73189 10530 15319 88500 94580 31453 41949 34690 59649 59440 32291 62114 35714 57487 53224 84021 67273 53433 64509 58318 80052 49092 88639 82185 39721 50078 68844 49915 21687 32375 59457 50808 53925 53292 12163 86520 66718 64142 55725 53130 17785 49708 55732
60745 73497 95741 37115 36453 30971 66919 82183 26935 44543 14476 73977 72145 11494 72583 44350 51859 33193 48901 62363 48557 25010 89845 15857 19413 23175 92104 46574 76004 58741 50259 42014 54571 54959 45854 65009 50593 99186 50832 68807 37138 36628 91031 48076 61035 22375 87872 67933 87751 83979 57632
31657 51533 56252 47978 62083 12219 72054 66422 94632 19478 73589 76489 73150 59715 54219 32564 17585 48787 30903 74817 26140 38961 62850 22214 15013 67679 87226 23597 89357 27057 68458 74470 64195 49053 67113 25937 44739 85433 44014 81781 63127 67122 51866 54840 76038 23527 76703 75721 33375 29003 53554
57993 39430 86970 59430 67046 36039 15782 55278 86649 78611 32294 90933 17997 19342 45367 69504 74839 19978 91714 49445 36989 50068 10341 16376 42162 40724 81328 58628 53753 62253 82617 89995 19314 44347 50498 34371 64174 83865 69965 42777 35926 55159 76933 12170 63327 52920 35938 45802 45670 56179 64310
35100 47739 29938 68977 96757 12803 68331 10438 40727 97245 73751 55203 94506 62430 25462 93670 73597 29005 66447 65434 60488 59764 44882 37506 76000 97643 87645 88146 10408 66340 88686 71165 43702 22646 30073 14178 45308 27430 31832 71834 28876 36906 57245 24964 15730 31589 31097 73786 79034 63226 85601
82061 84396 10475 35411 10966 14959 26480 97299 11447 23622 67763 13790 28840 14620 94912 45061 20892 82333 77891 66390 25217 11134 55035 66217 22764 39740 33595 52246 25892 98322 22393 48610 52949 79561 74949 99551 77318 47342 58370 71284 75126 39926 47517 81099 12084 56125 79165 32584 85902 89188 74021
90615 51563 65558 13521 90394 66242 20541 64823 10167 63673 68567 18338 52591 66142 61935 14878 60430 70859 40508 58866 16322 74440 54722 81663 96583 54011 87783 19813 76114 93146 55514 49856 68452 83195 78780 74776 42888 22178 81752 91366 73830 14697 97455 94461 39066 39029 53160 85633 18925 68556 22852
36460 75894 15337 47302 95955 68689 89719 20905 18346 62364 28413 37378 71846 21715 59685 57592 62197 80262 97419 54190 58868 18184 29150 66999 80256 52027 56221 49964 24920 93886 81408 22130 74385 21670 74020 48973 43021 12074 16137 78670 14531 80726 68357 32064 21411 82727 75541 34730 36953 88166 54793
83620 26795 16128 46560 34448 78362 78779 57125 58474 78278 29438 63820 35131 71317 17501 66483 24751 37320 16281 89849 18176 17098 44722 93524 96098 14248 52594 63754 92975 31306 39559 42074 87545 63949 18358 96781 75244 52490 16080 48975 34057 34043 29551 56600 31547 89248 64003 92595 76326 50156 44630
61041 72610 79221 39997 80415 36949 66517 10985 61659 67865 95032 15005 78224 56626 37757 69845 15536 28922 83495 54219 67677 63869 71736 70839 13383 34874 50164 55985 53348 96385 25285 42844 66489 46534 63641 61447 65310 78367 10357 46827 37136 43445 36587 67699 18502 63286 74986 78092 74560 10020 57629
55579 12307 23969 33296 50952 22796 99879 77220 37479 54140 14357 51098 22289 69373 96752 24891 14072 63702 94866 51149 15516 13017 27119 75231 50464 26528 16539 35761 71916 56362 46818 94804 58094 63910 81064 53447 72590 50247 91608 44873 65959 61820 94140 77117 90268 48639 28282 43759 97098 27464 81299
86998 95768 76130 52913 23205 91651 84592 74414 94751 35854 95928 38371 81623 23112 92767 10716 93177 79447 73167 47727 15816 78160 36633 18127 16989 37220 12880 64269 31948 43799 30967 65624 81292 82827 41818 42807 54301 34742 36748 53453 61673 47808 73290 64257 16833 23977 48643 13223 84340 15701 91481
30118 82533 18096 79099 87503 47214 59195 69790 22510 58912 45648 71745 41429 22393 98703 23338 76606 98726 61804 13943 60071 53175 84451 68456 23393 21877 44071 65423 71074 30493 65455 41751 40655 19600 89838 51084 38334 55271 72799 17583 43352 91662 21005 63132 79607 73229 19978 52611 23118 40647 37295
82919 46125 80853 78759 63769 28473 62212 80285 73843 85445 35735 60213 19566 93877 18883 83557 92161 61105 61041 51584 87744 74134 80287 27112 44321 63123 66503 58871 38658 58356 99941 75056 88427 34864 76786 86738 53869 73269 74260 23313 92428 55623 67882 26852 43460 14050 52904 89575 12654 63801 95959
57826 68632 15328 53813 52194 80999 50912 65022 65898 73232 24050 76448 16438 96089 84882 75529 68325 21688 94006 54158 63654 98036 81934 89882 57154 53172 47341 58943 84554 69587 57348 73807 69657 55919 37219 41577 78730 95970 73915 29778 66336 45544 93165 38040 67541 52260 57096 82148 33003 59307 71059
29574 83992 32628 27552 17574 94220 49266 32095 84591 67088 22003 62054 38432 70929 28527 82974 26746 93263 63102 31491 57467 22294 95474 83450 28346 84451 68726 70967 45139 92210 15640 54862 61981 32057 15077 84008 67668 34275 90805 24905 18870 79270 45938 78411 31596 70500 75189 66152 79775 51479 87810